Id,SalePrice
2658,145245.0
2718,139850.0
2414,183987.5
1989,122198.0
625,177940.0
333,84875.0
1327,125485.0
858,144975.0
95,186055.0
1568,174630.0
2482,169885.0
1364,118590.0
2584,141730.0
818,262900.0
2673,182680.0
2089,129994.1
1297,145750.0
790,125440.0
2616,208690.0
720,229548.9
222,138880.0
557,134110.0
1148,191770.0
2766,150740.0
534,192909.1
1452,123750.0
630,129600.0
2648,138548.2
125,158815.4
1904,68680.0
1670,109425.0
756,103190.8
717,265000.0
1032,149695.0
852,207829.9
1731,171025.6
2639,132240.0
2071,90600.0
1267,132700.0
1851,186205.0
567,160299.8
2439,214650.0
1898,148490.0
647,134315.0
2256,232370.0
979,95925.0
1444,223565.0
2485,132315.0
157,122573.0
88,125210.0
2003,109675.0
186,267530.0
1425,239960.0
2695,121628.4
738,111675.0
395,139800.0
1353,192769.9
1878,141700.0
390,174700.0
1456,229675.0
1103,358011.7
1387,136300.0
2070,144100.0
1199,172093.5
2479,173010.0
501,282200.0
2362,108635.0
1718,194489.0
2188,81710.0
1483,149660.0
2557,100227.5
437,315550.1
2224,169230.0
1628,164897.5
397,134875.0
587,174040.0
2182,386396.8
971,139990.0
2611,155850.0
1887,105748.0
2399,372908.4
2148,199030.0
304,134420.0
1997,131092.5
2817,135726.4
1431,184640.0
427,349410.1
263,129140.0
598,170430.0
2895,245335.0
687,154090.0
1822,130775.0
2191,106381.4
179,125140.4
1009,186700.0
2010,117980.0
1991,141225.0
1411,146800.0
1721,221099.9
1144,185819.0
593,234780.0
575,300330.2
1249,192966.4
1604,133430.0
1064,535543.3
1923,156490.0
1988,114488.4
2325,181442.5
114,222940.0
2700,181020.0
217,137890.9
343,174610.0
386,231170.0
2005,113825.8
2908,147350.0
1814,244400.0
2446,417703.0
208,159390.0
1679,121050.0
822,348532.7
6,194233.5
1781,434870.2
2397,268323.3
2340,321320.4
1618,176311.9
2843,117840.0
1061,410482.2
2786,127275.0
1935,133705.0
1341,111850.0
521,327796.7
2136,142812.5
996,191700.0
227,152665.0
135,155590.0
1167,172040.0
294,247310.0
1776,195865.0
540,165790.0
1717,195160.1
2303,134745.0
116,172740.0
127,133400.0
1371,132740.0
1014,159727.5
1507,118935.0
702,131130.3
750,160400.0
261,153847.5
1559,68911.3
577,234160.0
2812,196003.0
2080,143710.0
1368,116798.4
2376,125763.3
659,106660.0
1235,127990.0
332,85510.0
1917,142275.0
2094,271367.0
1460,273141.9
1471,212770.0
1509,132715.0
1922,136760.0
433,481187.3
460,285839.2
1116,236570.0
1137,151840.0
53,164693.5
2354,220600.0
1475,193184.0
1761,403109.0
842,141650.0
2739,165050.0
2509,148480.4
1007,201450.0
2610,198000.0
1952,99070.0
2719,143455.3
2921,84085.0
1966,143300.0
292,109050.0
1204,188190.0
1829,259679.9
2419,179010.6
391,162680.0
798,114350.0
481,182512.5
193,218300.0
555,128650.0
899,77860.0
2357,175060.0
328,118038.3
1356,127585.0
1154,119500.0
1730,184554.1
2249,135545.0
1119,275657.7
2856,140440.0
1394,144180.0
2587,137339.1
61,342152.8
2661,192650.0
2711,135065.0
1147,178266.0
757,129975.0
2623,94930.0
2378,142270.0
1413,139317.5
1722,211890.0
1112,203711.0
1623,191450.0
1201,177750.0
1513,112965.0
957,267616.4
1171,295676.7
1145,203846.0
2726,244600.0
703,138790.0
760,92440.0
1964,137865.0
2512,159990.0
159,146480.0
1281,163515.0
468,169297.9
290,120410.0
665,90735.0
1463,285402.2
1792,207747.5
923,168890.0
500,281740.0
1408,162040.0
331,80340.0
170,105690.0
2192,95097.5
2571,374975.0
2314,174892.5
2647,104138.0
422,467445.0
2457,349283.4
1838,191990.0
2805,257452.9
1645,157479.0
1711,290916.5
2825,254397.0
322,412964.2
2103,240104.9
342,127290.0
600,120970.0
488,200564.0
1725,334065.1
2246,314406.1
2847,160465.0
806,252755.0
530,220855.0
963,190843.2
2678,106717.5
171,82167.6
2401,543186.0
805,219740.0
2259,210697.0
1748,179569.0
1361,143847.5
1677,114825.0
1406,148100.0
2322,203974.8
688,166100.0
143,136600.0
804,207040.0
1214,170030.0
2828,143813.3
1999,206800.0
2467,200961.5
2665,174147.0
1538,362273.6
398,120166.4
2822,138045.9
2157,138750.0
1856,186325.0
1269,114950.0
2570,129865.0
2320,260981.3
1517,144160.0
2304,131745.0
1312,111575.0
2012,133650.0
506,211640.0
2865,190200.0
2367,107140.0
554,106415.0
238,134700.0
1954,118990.0
2488,156085.0
2291,84320.0
1969,104540.0
2725,156190.0
1482,147360.0
2763,189449.0
503,244250.0
1584,254125.0
1531,156087.5
2210,167850.0
459,330847.9
556,131910.0
1347,131140.9
1290,102650.0
1388,114830.0
1571,220000.0
2754,187448.2
765,145350.0
2494,131260.0
2870,172390.0
7,207290.0
1114,238889.0
2418,279066.2
291,104751.4
18,339926.4
39,351899.1
1001,249032.8
2442,216278.8
616,96538.3
2680,76403.9
1414,124980.0
289,148240.0
40,227435.4
860,125885.0
409,137130.0
673,143275.0
2427,164448.2
2036,233940.0
2564,135730.0
642,134600.0
1008,172170.0
1908,153140.0
2519,197550.0
1369,112724.3
2855,158390.0
712,105200.0
1943,114445.0
1958,119050.0
107,183700.0
2295,190825.0
704,105850.0
676,121940.0
259,188310.0
93,297490.0
106,252826.4
2315,202000.0
1050,115125.0
1095,184269.0
2709,144323.7
758,203556.0
1496,154732.2
2370,119175.0
2458,305670.7
2733,133140.0
161,210400.0
726,159475.5
845,194705.0
947,258863.6
2232,123630.0
2563,149370.0
2299,152785.9
211,90350.0
605,140460.5
1478,211660.0
2247,307163.8
2274,178975.0
2869,192165.0
967,208126.0
2656,133385.0
667,219710.0
1042,107620.0
2023,179680.0
2447,394195.8
2055,118018.3
2275,284136.5
2204,159065.0
1563,256256.1
483,212649.6
796,125325.0
1526,160030.0
2042,173550.0
442,359919.1
1693,320369.1
1468,204050.0
1430,159950.0
2605,138700.0
1529,212100.0
335,142300.0
1287,126790.0
31,110790.0
1785,245040.8
82,162590.0
2620,119050.0
252,199947.6
721,72558.8
2165,181519.5
2316,189070.0
775,132680.0
1558,90724.0
17,275167.6
1022,232800.0
925,113177.8
438,274160.0
1270,141312.0
1272,130775.0
215,152940.0
266,224680.0
2402,267114.8
1250,128530.0
1984,125655.0
1279,137940.0
377,241965.0
1252,126760.8
2156,272410.0
499,350650.0
1374,125190.0
2898,262050.0
401,115475.0
2721,166340.0
2078,206440.0
2589,135950.0
1946,158750.9
1334,119175.4
2781,214540.0
431,435301.8
576,193450.0
1474,195150.0
2254,146739.4
2155,310103.2
885,103630.0
643,139400.0
1944,133080.0
480,189587.0
2845,97495.0
2387,351973.6
2407,192635.0
2527,166919.4
2514,159555.9
629,178400.0
80,208099.0
1876,141590.0
1546,118340.4
2518,174315.0
2347,161400.0
783,209426.4
1322,52524.2
194,81980.0
1770,293947.0
2143,131600.0
1229,189220.0
511,301193.0
46,215588.6
1348,172011.0
2465,199429.0
387,229829.8
873,203749.0
1918,125753.3
2764,268587.9
2184,119913.3
934,139600.0
1920,139260.0
2631,142680.0
1768,462577.2
2040,132122.6
1749,206521.0
834,238140.0
1457,248600.0
79,123925.0
2302,128560.0
1817,132620.0
2755,238443.6
359,183222.5
2059,115700.0
2092,227890.0
2516,234900.0
150,121990.0
1656,146400.0
83,103600.0
2411,172900.2
795,89217.5
2312,220442.0
2917,108120.0
1624,180790.0
2215,304324.7
1211,147050.0
1485,147035.0
1024,171810.4
570,191549.8
2874,133190.0
700,106925.6
2756,228659.3
2022,207220.0
583,232640.0
2392,416299.7
2424,193624.0
212,127890.0
736,113430.0
1610,166800.0
890,132890.0
467,172170.0
578,273419.0
1747,177590.0
1149,175905.0
2758,232582.4
857,133135.0
2219,284340.0
733,116100.0
2909,116390.0
1798,245855.0
235,136650.0
2366,134830.0
1027,132550.0
1195,138530.0
1303,44692.2
148,192965.0
608,148300.0
2515,188234.8
821,261460.0
2500,287454.4
745,105310.0
741,122780.0
1611,123538.7
2532,122770.0
1081,202044.0
1692,453309.3
2520,185500.0
276,121355.8
1992,144528.7
663,43490.0
418,133540.0
1733,184406.5
2359,157010.4
253,192106.7
1518,164817.7
2035,133440.0
2919,85260.0
1540,254550.0
2120,154400.0
1674,175253.0
256,149310.4
2361,109780.0
978,79490.0
2280,125275.0
2095,222650.0
1709,332500.1
2801,233578.0
1246,124850.0
2373,100970.0
1055,281124.7
2017,112990.0
1099,281265.0
1344,94759.3
835,186647.0
1117,204705.0
2043,105505.0
2085,125015.0
410,149330.0
2650,118610.0
2867,179520.0
1668,127260.0
1161,154620.0
2122,175266.9
2539,149375.0
1047,142630.0
1445,133995.0
541,146900.0
569,210119.3
1276,122450.0
918,155240.0
326,163940.0
1936,127860.0
895,107100.0
257,147640.0
1241,191490.0
1545,114590.0
1189,169923.3
270,146055.0
2066,173860.0
693,115379.3
1259,142140.0
2916,157000.0
2321,264208.0
1977,102310.0
1895,148850.0
1240,150850.0
85,153740.0
1823,133735.9
825,287590.2
110,234130.0
697,137230.4
2297,120130.0
1231,142963.2
1355,142870.0
968,355267.8
584,205580.0
1315,127020.0
1606,136200.0
206,116279.3
1685,362484.3
2016,133278.0
869,209451.0
2135,128600.0
2346,185890.0
2430,210003.0
2198,102500.0
2652,123390.0
27,116345.0
241,175984.1
906,106285.0
1506,106690.0
2098,351403.0
1435,209800.0
2213,119268.7
1274,136415.0
743,46948.9
1737,190171.2
2797,263805.0
2185,85340.0
58,170310.0
830,188300.0
808,114343.9
680,136975.8
1153,128440.0
1291,119595.0
1818,159518.8
2161,170436.4
1883,134450.0
350,381683.5
2473,144250.0
295,171622.5
293,169150.0
859,130100.0
288,81871.1
1578,161650.0
102,174740.0
2831,151433.3333333333
1030,165960.0
2551,149750.0
1286,149110.0
958,339152.4
776,134430.0
72,208620.0
2263,253192.7
1866,147050.0
2876,82690.0
2146,269721.6
103,160540.0
1500,143391.0
492,195640.0
167,141253.7
2597,123795.0
2685,116075.0
1035,147725.0
1220,57577.5
2602,162840.0
2159,198324.8
695,164480.0
1109,250899.0
640,177850.0
1652,152399.5
2090,197822.4
1188,187225.0
2345,212150.0
1059,442461.1
2751,237542.6
128,161850.0
1523,181750.0
2925,157330.0
2145,324200.0
1121,210365.0
566,286950.0
565,207030.0
1331,151624.3
2928,131040.9
156,143890.0
797,150200.0
327,90815.0
2859,159466.2
1453,123535.0
1762,353400.0
1868,185783.7
1760,177630.0
1113,245582.8
1812,219600.0
117,152240.0
1142,196685.0
2342,409726.1
927,131040.0
2478,190548.5
655,88608.9
2064,131085.0
369,243713.5
2239,114290.0
2732,239800.0
1653,173575.5
959,190366.0
2395,323546.3
1412,119990.0
271,249385.0
1484,147145.0
1497,138195.0
552,171650.0
2,127400.0
1855,263418.0
4,247375.0
2292,160110.0
134,128230.0
646,114280.0
42,331286.3
532,235451.3
713,98570.0
2561,130390.0
2360,142450.0
1333,115750.0
1407,214940.0
2892,282400.0
574,194350.0
1227,178400.0
2591,215857.5
1476,203900.0
1125,272384.6
1446,125035.0
408,121300.0
1101,289778.6
2251,165770.0
373,176250.0
2554,125100.0
2382,251146.6
1985,98670.0
519,226941.1
1093,194534.0
864,260911.6
2889,151695.0
2308,178375.0
986,164956.4
1302,142990.0
585,152200.0
2708,141540.0
147,142130.0
1441,231230.0
383,164330.0
285,136500.0
181,123160.0
358,170935.7
780,154830.0
258,193888.5
1865,169700.0
692,106940.0
2902,356173.4
508,248875.0
2638,144430.0
36,144970.0
611,163900.0
2281,115927.5
1678,116550.0
1696,454439.6
1557,62902.7
2180,163690.0
1726,217855.0
951,134765.0
267,219472.4
2706,134451.4
2221,223797.4
1357,163653.4
2901,349653.9
347,185950.0
2164,186710.0
1586,298884.8
360,171686.9
1769,226265.0
2617,181088.5
1879,150060.0
991,234990.0
1535,108228.7
1191,139760.0
1579,192510.0
1882,136090.0
1510,113846.4
2196,131632.5
1845,178550.0
2336,437660.5
942,96249.3
861,122125.0
2555,108995.0
1392,154300.0
2099,240305.0
1543,124800.0
948,263629.9
1239,164190.0
22,201785.2
2796,235118.0
2747,180120.0
92,307721.3
210,161110.0
1858,192250.0
2228,173600.0
447,230301.9
827,250490.0
1649,189770.0
682,135090.0
2698,115340.0
494,158670.0
214,97195.0
2441,241550.0
2679,116500.0
1336,123072.2
465,174080.2
1524,133015.0
2543,131180.0
631,137690.0
2452,300850.0
228,163470.0
126,181870.0
1092,213534.6
1122,210747.9
932,236920.0
1980,89980.0
2171,105820.0
551,167714.0
2768,169930.0
2056,123780.0
1159,359234.9
2645,111290.0
1174,164190.0
2266,216948.3
2462,465267.3
1219,145695.9
2922,187850.0
118,149300.0
474,167859.5
2576,155350.0
872,278726.5
1077,219990.0
1536,130550.0
1150,128640.0
2341,305275.0
1931,151685.0
2785,131750.0
2538,133750.0
597,234097.6
464,159090.0
233,226730.0
2169,137050.0
2123,172773.3
1867,168370.0
137,274450.0
515,224567.5
933,123670.0
2784,168740.0
972,168850.0
599,157915.0
2614,121805.0
2582,139700.0
1409,160440.0
175,95340.0
352,228715.5
976,93240.0
2134,189775.0
984,123120.0
2396,381791.7
1673,162394.8
404,131665.0
607,166870.0
814,156959.8
868,187033.5
2271,180770.0
1633,224050.0
337,157260.3
2765,182750.0
1746,253299.0
368,348760.3
2806,197720.0
1662,195500.0
1234,212610.0
1373,133590.0
1672,118250.0
1939,134150.0
