Id,SalePrice
2658,165155.0
2718,148870.5
2414,180722.5
1989,118345.0
625,169586.4
333,89875.0
1327,121980.9
858,156669.5
95,184453.5
1568,166950.0
2482,169342.2
1364,121580.0
2584,150910.4
818,266000.0
2673,165980.0
2089,135000.0
1297,135240.0
790,129200.0
2616,202800.0
720,235830.0
222,141078.4
557,128790.0
1148,191059.0
2766,147220.4
534,182109.7
1452,122385.8
630,116587.0
2648,121187.0
125,147500.0
1904,57431.1
1670,113605.8
756,107590.0
717,249080.0
1032,147500.0
852,204964.1
1731,167203.6
2639,126481.8
2071,89170.0
1267,122960.0
1851,190880.1
567,160785.0
2439,207682.5
1898,147893.4
647,154327.0
2256,256843.0
979,95800.0
1444,222642.5
2485,132050.0
157,118315.0
88,132390.0
2003,120950.0
186,239147.7
1425,253179.0
2695,119011.6
738,110250.0
395,145605.0
1353,170190.0
1878,141995.0
390,163990.0
1456,234065.9
1103,354761.6
1387,130800.0
2070,144540.0
1199,162063.5
2479,163220.0
501,356100.0
2362,108195.0
1718,185535.0
2188,76450.4
1483,146810.0
2557,82514.3
437,312846.3
2224,203077.4
1628,162802.5
397,142093.7
587,187030.0
2182,333760.5
971,147385.8
2611,153790.0
1887,112615.0
2399,388159.3
2148,196534.3
304,132490.0
1997,141390.4
2817,120907.5
1431,193550.0
427,353036.6
263,131830.0
598,164960.4
2895,243240.0
687,152045.0
1822,133878.4
2191,107620.0
179,116750.0
1009,184400.0
2010,114366.6
1991,152110.0
1411,151220.0
1721,207200.0
1144,192100.0
593,240300.0
575,302601.9
1249,181630.0
1604,128685.0
1064,487600.0
1923,166120.4
1988,104600.0
2325,173260.0
114,196950.0
2700,163880.0
217,155750.0
343,177285.0
386,227700.0
2005,122670.0
2908,148640.0
1814,257346.0
2446,460928.9
208,133937.0
1679,115190.0
822,350501.2
6,186290.0
1781,405229.4
2397,301671.5
2340,345599.6
1618,172710.0
2843,99800.0
1061,371060.3
2786,124080.8
1935,127850.0
1341,105270.0
521,309537.9
2136,140310.0
996,187039.0
227,163840.0
135,149540.0
1167,173900.0
294,205800.0
1776,197990.0
540,156661.0
1717,184935.0
2303,139040.0
116,163100.0
127,146130.0
1371,127190.4
1014,146740.0
1507,120435.0
702,132430.0
750,161645.0
261,147350.0
1559,77327.6
577,229458.0
2812,196034.0
2080,149920.0
1368,115580.0
2376,132950.0
659,101650.0
1235,129150.0
332,83535.0
1917,139540.0
2094,294220.0
1460,302500.0
1471,209299.0
1509,127840.0
1922,132380.0
433,451900.0
460,294784.2
1116,212330.0
1137,158361.0
53,175269.2
2354,257040.0
1475,193812.0
1761,408721.3
842,139315.0
2739,167962.5
2509,149790.0
1007,204848.8
2610,195780.0
1952,94950.0
2719,156765.0
2921,84095.0
1966,146785.0
292,107050.0
1204,197750.0
1829,250250.0
2419,171011.9
391,168490.0
798,129075.0
481,177140.0
193,193100.0
555,128530.0
899,76559.3
2357,171575.0
328,124350.0
1356,131800.0
1154,120550.0
1730,178672.0
2249,146420.0
1119,267324.5
2856,150050.0
1394,134188.7
2587,129050.0
61,338823.2
2661,190390.0
2711,139500.0
1147,185713.8
757,135025.0
2623,101338.2
2378,135840.0
1413,135450.0
1722,225690.0
1112,207364.5
1623,186800.0
1201,185590.0
1513,108302.6
957,236796.4
1171,295780.0
1145,216960.0
2726,253506.4
703,130870.4
760,99545.9
1964,135288.4
2512,163050.0
159,141455.0
1281,151300.0
468,172304.2
290,132630.0
665,123690.0
1463,282350.0
1792,230659.9
923,148800.0
500,261090.0
1408,180600.0
331,84025.0
170,98543.8
2192,93980.4
2571,347350.9
2314,179210.0
2647,102000.0
422,451640.0
2457,344594.8
1838,190730.0
2805,252200.0
1645,164770.4
1711,283638.1
2825,236300.0
322,452155.6
2103,258256.1
342,134300.0
600,130700.0
488,200070.0
1725,337507.5
2246,325007.7
2847,154840.0
806,261538.9
530,203240.0
963,179510.0
2678,93850.8
171,69390.0
2401,444594.4
805,235350.0
2259,240637.0
1748,177950.0
1361,143840.0
1677,120780.0
1406,145160.0
2322,231390.5
688,153380.0
143,145050.0
804,205570.0
1214,155220.0
2828,145650.0
1999,189652.4
2467,204874.5
2665,171640.0
1538,349271.9
398,124490.0
2822,144345.9
2157,147655.0
1856,181395.0
1269,110190.0
2570,122278.7
2320,248220.0
1517,137445.0
2304,130960.0
1312,119240.0
2012,134990.0
506,234350.0
2865,207390.0
2367,102760.0
554,107200.0
238,137240.0
1954,118670.0
2488,135230.0
2291,86640.8
1969,105865.0
2725,161250.0
1482,146710.0
2763,190365.5
503,252590.0
1584,263476.1
1531,184200.0
2210,181010.0
459,330840.2
556,141160.0
1347,134945.0
1290,91080.0
1388,105900.0
1571,193120.0
2754,185415.0
765,157380.0
2494,134200.0
2870,173680.0
7,192990.0
1114,249202.0
2418,280392.6
291,100990.8
18,372375.0
39,435852.1
1001,237448.8
2442,206340.0
616,103248.3
2680,77048.9
1414,141890.0
289,148930.0
40,244987.8
860,132590.0
409,141850.0
673,138550.0
2427,155684.0
2036,191680.0
2564,147015.0
642,131150.0
1008,180964.0
1908,150910.0
2519,214950.0
1369,112870.0
2855,176090.0
712,101985.0
1943,115725.2
1958,125945.0
107,179800.0
2295,199610.0
704,127240.0
676,130490.0
259,188875.0
93,324776.8
106,236259.7
2315,192190.0
1050,116700.0
1095,183698.0
2709,151700.0
758,161040.0
1496,148250.0
2370,122590.0
2458,289090.0
2733,131570.0
161,238500.0
726,166105.0
845,187870.0
947,270391.9
2232,126880.0
2563,149355.0
2299,151445.9
211,100890.0
605,142970.0
1478,239725.0
2247,307657.7
2274,194560.0
2869,195860.9
967,212580.9
2656,137790.9
667,204350.0
1042,110580.0
2023,170460.0
2447,337300.0
2055,125438.3
2275,259021.6
2204,155102.5
1563,253842.8
483,222584.8
796,127588.0
1526,159265.0
2042,161600.0
442,350353.4
1693,300666.9
1468,216140.0
1430,176300.0
2605,151045.0
1529,208810.0
335,143500.0
1287,122847.0
31,115358.7
1785,267978.3
82,165179.0
2620,111030.0
252,195268.1
721,73800.4
2165,174392.6
2316,182748.0
775,132805.0
1558,96940.8
17,247285.0
1022,230820.0
925,116440.0
438,255349.9
1270,141855.0
1272,130250.0
215,156090.0
266,228793.0
2402,251697.9
1250,126970.0
1984,120915.0
1279,144110.0
377,257255.0
1252,118120.0
2156,299165.0
499,337535.0
1374,127644.0
2898,239600.0
401,124125.0
2721,163250.0
2078,254118.0
2589,131430.0
1946,161030.0
1334,120330.0
2781,245323.0
431,429179.8
576,219050.0
1474,200540.0
2254,135910.0
2155,310351.2
885,109493.2
643,134970.0
1944,135530.0
480,192946.0
2845,71013.9
2387,347779.5
2407,186874.0
2527,167188.5
2514,151025.0
629,180180.0
80,217220.0
1876,149812.5
1546,123190.0
2518,168235.0
2347,155930.0
783,184200.0
1322,68402.8
194,65308.9
1770,273840.0
2143,133380.0
1229,207265.0
511,276130.0
46,211078.1
1348,176650.0
2465,199982.5
387,235949.9
873,196705.0
1918,127660.0
2764,240019.8
2184,124800.0
934,128140.0
1920,135730.0
2631,151900.0
1768,459480.2
2040,133990.9
1749,204895.8
834,247750.0
1457,232100.0
79,136575.0
2302,128465.0
1817,139315.0
2755,248742.8
359,174600.0
2059,118990.0
2092,224780.0
2516,209610.0
150,126627.5
1656,141680.0
83,109200.0
2411,169836.5
795,80920.0
2312,209400.0
2917,107490.0
1624,171937.5
2215,321147.7
1211,134900.0
1485,145255.0
1024,169500.0
570,201894.4
2874,126380.0
700,119385.3
2756,211287.6
2022,206050.0
583,232900.0
2392,376110.6
2424,191212.5
212,126865.0
736,118950.0
1610,156100.0
890,128850.0
467,172965.6
578,272600.0
1747,161400.0
1149,169843.2
2758,241320.0
857,128115.0
2219,273947.7
733,116060.0
2909,113600.0
1798,278500.0
235,146740.0
2366,129490.0
1027,137230.0
1195,137780.0
1303,43119.2
148,157995.0
608,153900.0
2515,192102.0
821,250619.0
2500,301200.0
745,115080.0
741,139451.9
1611,108390.0
2532,128600.0
1081,207355.0
1692,445709.6
2520,183000.0
276,118195.8
1992,143885.0
663,50130.3
418,132890.0
1733,201552.9
2359,157100.0
253,205330.0
1518,159680.0
2035,129660.0
2919,83410.0
1540,202550.0
2120,146550.0
1674,182907.6
256,153275.4
2361,110402.4
978,89370.0
2280,129005.0
2095,223270.0
1709,323828.0
2801,248850.0
1246,118590.0
2373,99120.0
1055,285290.0
2017,118440.0
1099,275702.7
1344,103450.0
835,168400.0
1117,214579.3
2043,98660.0
2085,137590.0
410,151050.0
2650,113960.0
2867,176815.0
1668,130000.0
1161,160908.4
2122,169393.2
2539,149130.0
1047,137890.0
1445,138080.0
541,144050.0
569,218515.0
1276,121010.0
918,142280.0
326,172990.0
1936,127055.0
895,115080.0
257,144840.0
1241,167030.0
1545,113480.0
1189,164224.5
270,149350.0
2066,176799.0
693,122540.0
1259,136540.0
2916,159200.0
2321,250340.0
1977,116335.0
1895,155200.0
1240,159580.0
85,154950.0
1823,128350.0
825,291096.4
110,213330.0
697,127290.0
2297,129495.0
1231,142520.0
1355,144540.0
968,365002.6
584,200240.0
1315,128000.0
1606,134200.0
206,120264.3
1685,354752.5
2016,136420.0
869,201460.0
2135,133850.0
2346,202230.0
2430,222030.0
2198,102590.0
2652,123400.0
27,121040.8
241,181854.3
906,111400.0
1506,117030.0
2098,354649.8
1435,213160.0
2213,136059.5
1274,124075.0
743,41947.8
1737,179787.0
2797,275060.0
2185,82750.0
58,168243.2
830,194670.1
808,119272.8
680,158480.0
1153,123340.0
1291,124215.4
1818,140288.5
2161,170123.0
1883,133579.1
350,328262.9
2473,141150.0
295,171120.0
293,195990.0
859,132000.0
288,86437.5
1578,163650.0
102,174940.0
2831,141775.0
1030,165975.0
2551,141870.0
1286,148575.8
958,330041.2
776,132880.0
72,212463.2
2263,242617.6
1866,147100.0
2876,75143.8
2146,290847.7
103,169470.0
1500,146730.0
492,192730.0
167,143100.0
2597,119990.0
2685,109080.0
1035,144800.0
1220,66600.0
2602,160115.0
2159,200740.8
695,145280.0
1109,269900.0
640,183610.4
1652,163369.0
2090,195721.0
1188,186250.0
2345,205990.0
1059,410757.4
2751,231246.9
128,188242.5
1523,168890.0
2925,167950.0
2145,334037.2
1121,229790.0
566,261350.0
565,226070.0
1331,143720.0
2928,135890.0
156,150160.0
797,151630.0
327,90595.0
2859,161340.0
1453,128770.0
1762,348500.0
1868,190705.0
1760,178570.0
1113,248980.0
1812,198130.0
117,163860.0
1142,213040.0
2342,458553.3
927,127625.0
2478,198260.0
655,96280.0
2064,123955.0
369,260399.0
2239,116100.0
2732,221750.0
1653,175595.0
959,198946.5
2395,323412.4
1412,139050.0
271,262764.9
1484,147070.0
1497,137695.9
552,162095.0
2,138480.0
1855,256018.0
4,234128.0
2292,146350.0
134,138790.0
646,121677.5
42,345305.7
532,251415.0
713,91492.5
2561,131700.0
2360,147000.0
1333,121090.0
1407,206685.0
2892,266800.0
574,192677.6
1227,159210.0
2591,220860.0
1476,206160.0
1125,265450.0
1446,135345.0
408,115425.0
1101,305255.0
2251,167985.0
373,187385.0
2554,123008.0
2382,251960.0
1985,95750.0
519,250344.9
1093,191050.0
864,260355.0
2889,142995.0
2308,165225.0
986,138490.0
1302,134195.0
585,157700.0
2708,147000.0
147,141340.0
1441,228803.0
383,171780.0
285,143240.0
181,122320.0
358,172257.8
780,151780.0
258,185823.2
1865,198890.0
692,117965.0
2902,361705.9
508,249680.0
2638,133588.7
36,148740.0
611,172150.0
2281,122952.6
1678,113350.0
1696,483983.7
1557,70180.0
2180,177785.0
1726,227310.0
951,138775.0
267,230290.0
2706,132650.0
2221,243028.0
1357,164840.0
2901,324488.1
347,172140.0
2164,189140.0
1586,327912.4
360,169799.5
1769,248000.0
2617,167160.0
1879,145080.0
991,215898.0
1535,119538.7
1191,138217.5
1579,199195.5
1882,133195.0
1510,125750.0
2196,160880.0
1845,176340.0
2336,444444.8
942,98735.0
861,137015.0
2555,107540.0
1392,166950.4
2099,253306.1
1543,115250.0
948,261232.9
1239,149500.0
22,164490.0
2796,241265.0
2747,183170.4
92,311063.3
210,176240.0
1858,193650.0
2228,171760.0
447,214465.6
827,237349.0
1649,208940.0
682,134140.0
2698,118950.4
494,161341.7
214,68151.3
2441,245000.0
2679,114900.0
1336,116370.0
465,173312.9
1524,133560.0
2543,120790.0
631,135300.0
2452,320500.0
228,146680.0
126,150250.0
1092,219514.8
1122,211890.8
932,202432.5
1980,94009.7
2171,108400.0
551,166250.8
2768,172740.0
2056,119985.8
1159,373296.0
2645,108150.0
1174,163400.0
2266,216589.0
2462,433617.4
1219,139180.0
2922,197340.0
118,144430.0
474,167664.0
2576,157540.0
872,277000.0
1077,217055.0
1536,136345.0
1150,127745.0
2341,311415.1
1931,140760.0
2785,129405.0
2538,138078.7
597,204450.0
464,161840.0
233,229487.8
2169,134580.0
2123,176643.9
1867,174885.0
137,233620.0
515,203730.0
933,112880.0
2784,170840.0
972,170750.0
599,158360.4
2614,134670.0
2582,135910.0
1409,167180.0
175,100013.8
352,215409.9
976,92980.0
2134,188890.0
984,121365.0
2396,364932.2
1673,144575.0
404,133100.0
607,166080.0
814,147195.9
868,198445.0
2271,181942.5
1633,223670.0
337,123450.0
2765,154590.0
1746,251250.6
368,349750.4
2806,196585.0
1662,195915.0
1234,224600.0
1373,139625.0
1672,115475.9
1939,125035.0
