,Id,SalePrice
0,2658,168670.49
1,2718,135895.87
2,2414,201445.12
3,1989,135895.87
4,625,168670.49
5,333,103121.25
6,1327,103121.25
7,858,135895.87
8,95,201445.12
9,1568,168670.49
10,2482,168670.49
11,1364,168670.49
12,2584,168670.49
13,818,201445.12
14,2673,168670.49
15,2089,135895.87
16,1297,168670.49
17,790,135895.87
18,2616,168670.49
19,720,234219.74
20,222,135895.87
21,557,135895.87
22,1148,168670.49
23,2766,168670.49
24,534,201445.12
25,1452,135895.87
26,630,103121.25
27,2648,135895.87
28,125,168670.49
29,1904,70346.62
30,1670,103121.25
31,756,103121.25
32,717,201445.12
33,1032,135895.87
34,852,201445.12
35,1731,201445.12
36,2639,103121.25
37,2071,103121.25
38,1267,135895.87
39,1851,201445.12
40,567,168670.49
41,2439,201445.12
42,1898,135895.87
43,647,135895.87
44,2256,201445.12
45,979,103121.25
46,1444,201445.12
47,2485,135895.87
48,157,135895.87
49,88,135895.87
50,2003,135895.87
51,186,234219.74
52,1425,234219.74
53,2695,135895.87
54,738,135895.87
55,395,168670.49
56,1353,201445.12
57,1878,135895.87
58,390,201445.12
59,1456,201445.12
60,1103,234219.74
61,1387,135895.87
62,2070,135895.87
63,1199,201445.12
64,2479,168670.49
65,501,234219.74
66,2362,103121.25
67,1718,168670.49
68,2188,70346.62
69,1483,168670.49
70,2557,103121.25
71,437,234219.74
72,2224,168670.49
73,1628,201445.12
74,397,135895.87
75,587,168670.49
76,2182,299768.99
77,971,135895.87
78,2611,168670.49
79,1887,135895.87
80,2399,266994.36
81,2148,201445.12
82,304,168670.49
83,1997,135895.87
84,2817,103121.25
85,1431,168670.49
86,427,234219.74
87,263,135895.87
88,598,168670.49
89,2895,234219.74
90,687,168670.49
91,1822,135895.87
92,2191,103121.25
93,179,168670.49
94,1009,234219.74
95,2010,135895.87
96,1991,168670.49
97,1411,135895.87
98,1721,234219.74
99,1144,168670.49
100,593,234219.74
101,575,234219.74
102,1249,168670.49
103,1604,135895.87
104,1064,299768.99
105,1923,168670.49
106,1988,135895.87
107,2325,168670.49
108,114,168670.49
109,2700,168670.49
110,217,103121.25
111,343,168670.49
112,386,234219.74
113,2005,103121.25
114,2908,135895.87
115,1814,201445.12
116,2446,299768.99
117,208,135895.87
118,1679,135895.87
119,822,266994.36
120,6,168670.49
121,1781,299768.99
122,2397,234219.74
123,2340,266994.36
124,1618,168670.49
125,2843,103121.25
126,1061,266994.36
127,2786,135895.87
128,1935,135895.87
129,1341,135895.87
130,521,266994.36
131,2136,135895.87
132,996,168670.49
133,227,135895.87
134,135,168670.49
135,1167,168670.49
136,294,201445.12
137,1776,201445.12
138,540,201445.12
139,1717,168670.49
140,2303,135895.87
141,116,168670.49
142,127,135895.87
143,1371,168670.49
144,1014,168670.49
145,1507,135895.87
146,702,135895.87
147,750,168670.49
148,261,168670.49
149,1559,103121.25
150,577,201445.12
151,2812,201445.12
152,2080,168670.49
153,1368,168670.49
154,2376,135895.87
155,659,135895.87
156,1235,135895.87
157,332,103121.25
158,1917,168670.49
159,2094,201445.12
160,1460,234219.74
161,1471,168670.49
162,1509,135895.87
163,1922,135895.87
164,433,299768.99
165,460,266994.36
166,1116,234219.74
167,1137,168670.49
168,53,201445.12
169,2354,201445.12
170,1475,201445.12
171,1761,299768.99
172,842,135895.87
173,2739,135895.87
174,2509,201445.12
175,1007,201445.12
176,2610,168670.49
177,1952,135895.87
178,2719,135895.87
179,2921,103121.25
180,1966,135895.87
181,292,135895.87
182,1204,201445.12
183,1829,201445.12
184,2419,201445.12
185,391,168670.49
186,798,168670.49
187,481,201445.12
188,193,201445.12
189,555,135895.87
190,899,70346.62
191,2357,201445.12
192,328,135895.87
193,1356,168670.49
194,1154,135895.87
195,1730,168670.49
196,2249,168670.49
197,1119,234219.74
198,2856,135895.87
199,1394,135895.87
200,2587,135895.87
201,61,234219.74
202,2661,201445.12
203,2711,168670.49
204,1147,168670.49
205,757,168670.49
206,2623,103121.25
207,2378,168670.49
208,1413,168670.49
209,1722,234219.74
210,1112,168670.49
211,1623,168670.49
212,1201,168670.49
213,1513,103121.25
214,957,201445.12
215,1171,266994.36
216,1145,201445.12
217,2726,201445.12
218,703,201445.12
219,760,103121.25
220,1964,135895.87
221,2512,201445.12
222,159,168670.49
223,1281,168670.49
224,468,168670.49
225,290,168670.49
226,665,135895.87
227,1463,234219.74
228,1792,201445.12
229,923,135895.87
230,500,201445.12
231,1408,135895.87
232,331,103121.25
233,170,103121.25
234,2192,103121.25
235,2571,234219.74
236,2314,168670.49
237,2647,135895.87
238,422,266994.36
239,2457,234219.74
240,1838,201445.12
241,2805,234219.74
242,1645,168670.49
243,1711,234219.74
244,2825,201445.12
245,322,266994.36
246,2103,234219.74
247,342,168670.49
248,600,103121.25
249,488,168670.49
250,1725,266994.36
251,2246,234219.74
252,2847,168670.49
253,806,234219.74
254,530,201445.12
255,963,168670.49
256,2678,70346.62
257,171,103121.25
258,2401,266994.36
259,805,201445.12
260,2259,168670.49
261,1748,201445.12
262,1361,168670.49
263,1677,168670.49
264,1406,168670.49
265,2322,201445.12
266,688,168670.49
267,143,135895.87
268,804,201445.12
269,1214,168670.49
270,2828,168670.49
271,1999,168670.49
272,2467,201445.12
273,2665,201445.12
274,1538,234219.74
275,398,103121.25
276,2822,135895.87
277,2157,168670.49
278,1856,135895.87
279,1269,135895.87
280,2570,135895.87
281,2320,234219.74
282,1517,168670.49
283,2304,135895.87
284,1312,135895.87
285,2012,168670.49
286,506,201445.12
287,2865,168670.49
288,2367,168670.49
289,554,168670.49
290,238,135895.87
291,1954,135895.87
292,2488,168670.49
293,2291,103121.25
294,1969,135895.87
295,2725,135895.87
296,1482,168670.49
297,2763,201445.12
298,503,201445.12
299,1584,234219.74
300,1531,168670.49
301,2210,168670.49
302,459,266994.36
303,556,135895.87
304,1347,135895.87
305,1290,135895.87
306,1388,135895.87
307,1571,135895.87
308,2754,201445.12
309,765,135895.87
310,2494,135895.87
311,2870,135895.87
312,7,234219.74
313,1114,201445.12
314,2418,234219.74
315,291,103121.25
316,18,266994.36
317,39,266994.36
318,1001,234219.74
319,2442,201445.12
320,616,135895.87
321,2680,103121.25
322,1414,135895.87
323,289,135895.87
324,40,234219.74
325,860,135895.87
326,409,168670.49
327,673,135895.87
328,2427,201445.12
329,2036,201445.12
330,2564,135895.87
331,642,135895.87
332,1008,168670.49
333,1908,135895.87
334,2519,234219.74
335,1369,135895.87
336,2855,201445.12
337,712,135895.87
338,1943,103121.25
339,1958,168670.49
340,107,234219.74
341,2295,135895.87
342,704,135895.87
343,676,135895.87
344,259,168670.49
345,93,234219.74
346,106,234219.74
347,2315,168670.49
348,1050,135895.87
349,1095,201445.12
350,2709,135895.87
351,758,201445.12
352,1496,168670.49
353,2370,168670.49
354,2458,234219.74
355,2733,103121.25
356,161,201445.12
357,726,168670.49
358,845,201445.12
359,947,234219.74
360,2232,135895.87
361,2563,168670.49
362,2299,103121.25
363,211,135895.87
364,605,135895.87
365,1478,234219.74
366,2247,234219.74
367,2274,135895.87
368,2869,135895.87
369,967,201445.12
370,2656,70346.62
371,667,168670.49
372,1042,168670.49
373,2023,168670.49
374,2447,266994.36
375,2055,168670.49
376,2275,234219.74
377,2204,201445.12
378,1563,234219.74
379,483,201445.12
380,796,135895.87
381,1526,168670.49
382,2042,201445.12
383,442,266994.36
384,1693,234219.74
385,1468,201445.12
386,1430,168670.49
387,2605,135895.87
388,1529,234219.74
389,335,135895.87
390,1287,135895.87
391,31,135895.87
392,1785,201445.12
393,82,168670.49
394,2620,103121.25
395,252,201445.12
396,721,103121.25
397,2165,168670.49
398,2316,168670.49
399,775,135895.87
400,1558,70346.62
401,17,234219.74
402,1022,201445.12
403,925,135895.87
404,438,234219.74
405,1270,135895.87
406,1272,135895.87
407,215,135895.87
408,266,201445.12
409,2402,234219.74
410,1250,135895.87
411,1984,103121.25
412,1279,135895.87
413,377,201445.12
414,1252,135895.87
415,2156,234219.74
416,499,234219.74
417,1374,135895.87
418,2898,201445.12
419,401,103121.25
420,2721,135895.87
421,2078,168670.49
422,2589,135895.87
423,1946,135895.87
424,1334,168670.49
425,2781,201445.12
426,431,299768.99
427,576,234219.74
428,1474,201445.12
429,2254,201445.12
430,2155,266994.36
431,885,103121.25
432,643,168670.49
433,1944,135895.87
434,480,201445.12
435,2845,103121.25
436,2387,234219.74
437,2407,201445.12
438,2527,168670.49
439,2514,201445.12
440,629,168670.49
441,80,201445.12
442,1876,135895.87
443,1546,168670.49
444,2518,168670.49
445,2347,168670.49
446,783,135895.87
447,1322,37572.0
448,194,103121.25
449,1770,201445.12
450,2143,135895.87
451,1229,201445.12
452,511,234219.74
453,46,201445.12
454,1348,201445.12
455,2465,201445.12
456,387,234219.74
457,873,201445.12
458,1918,135895.87
459,2764,234219.74
460,2184,135895.87
461,934,168670.49
462,1920,135895.87
463,2631,168670.49
464,1768,299768.99
465,2040,103121.25
466,1749,201445.12
467,834,201445.12
468,1457,201445.12
469,79,168670.49
470,2302,135895.87
471,1817,135895.87
472,2755,201445.12
473,359,168670.49
474,2059,135895.87
475,2092,201445.12
476,2516,234219.74
477,150,135895.87
478,1656,135895.87
479,83,135895.87
480,2411,168670.49
481,795,103121.25
482,2312,201445.12
483,2917,135895.87
484,1624,201445.12
485,2215,234219.74
486,1211,168670.49
487,1485,168670.49
488,1024,168670.49
489,570,168670.49
490,2874,168670.49
491,700,135895.87
492,2756,201445.12
493,2022,168670.49
494,583,201445.12
495,2392,266994.36
496,2424,201445.12
497,212,135895.87
498,736,135895.87
499,1610,135895.87
500,890,103121.25
501,467,168670.49
502,578,234219.74
503,1747,201445.12
504,1149,168670.49
505,2758,168670.49
506,857,135895.87
507,2219,234219.74
508,733,168670.49
509,2909,135895.87
510,1798,234219.74
511,235,70346.62
512,2366,135895.87
513,1027,135895.87
514,1195,135895.87
515,1303,37572.0
516,148,168670.49
517,608,135895.87
518,2515,201445.12
519,821,234219.74
520,2500,234219.74
521,745,135895.87
522,741,135895.87
523,1611,135895.87
524,2532,135895.87
525,1081,201445.12
526,1692,266994.36
527,2520,234219.74
528,276,135895.87
529,1992,135895.87
530,663,37572.0
531,418,201445.12
532,1733,168670.49
533,2359,168670.49
534,253,201445.12
535,1518,135895.87
536,2035,168670.49
537,2919,103121.25
538,1540,201445.12
539,2120,135895.87
540,1674,168670.49
541,256,168670.49
542,2361,103121.25
543,978,103121.25
544,2280,168670.49
545,2095,201445.12
546,1709,234219.74
547,2801,201445.12
548,1246,135895.87
549,2373,168670.49
550,1055,234219.74
551,2017,135895.87
552,1099,234219.74
553,1344,135895.87
554,835,135895.87
555,1117,201445.12
556,2043,135895.87
557,2085,135895.87
558,410,168670.49
559,2650,168670.49
560,2867,168670.49
561,1668,135895.87
562,1161,201445.12
563,2122,168670.49
564,2539,135895.87
565,1047,168670.49
566,1445,135895.87
567,541,135895.87
568,569,168670.49
569,1276,168670.49
570,918,201445.12
571,326,135895.87
572,1936,135895.87
573,895,103121.25
574,257,135895.87
575,1241,168670.49
576,1545,168670.49
577,1189,168670.49
578,270,168670.49
579,2066,135895.87
580,693,135895.87
581,1259,135895.87
582,2916,135895.87
583,2321,201445.12
584,1977,135895.87
585,1895,168670.49
586,1240,168670.49
587,85,135895.87
588,1823,103121.25
589,825,234219.74
590,110,201445.12
591,697,135895.87
592,2297,135895.87
593,1231,135895.87
594,1355,135895.87
595,968,266994.36
596,584,201445.12
597,1315,135895.87
598,1606,135895.87
599,206,135895.87
600,1685,266994.36
601,2016,135895.87
602,869,201445.12
603,2135,135895.87
604,2346,168670.49
605,2430,201445.12
606,2198,135895.87
607,2652,135895.87
608,27,103121.25
609,241,168670.49
610,906,135895.87
611,1506,135895.87
612,2098,234219.74
613,1435,201445.12
614,2213,135895.87
615,1274,168670.49
616,743,37572.0
617,1737,201445.12
618,2797,234219.74
619,2185,103121.25
620,58,201445.12
621,830,201445.12
622,808,135895.87
623,680,135895.87
624,1153,135895.87
625,1291,168670.49
626,1818,135895.87
627,2161,201445.12
628,1883,135895.87
629,350,234219.74
630,2473,168670.49
631,295,135895.87
632,293,168670.49
633,859,135895.87
634,288,70346.62
635,1578,135895.87
636,102,168670.49
637,2831,168670.49
638,1030,168670.49
639,2551,135895.87
640,1286,135895.87
641,958,266994.36
642,776,135895.87
643,72,168670.49
644,2263,234219.74
645,1866,168670.49
646,2876,103121.25
647,2146,234219.74
648,103,201445.12
649,1500,168670.49
650,492,168670.49
651,167,135895.87
652,2597,135895.87
653,2685,135895.87
654,1035,168670.49
655,1220,70346.62
656,2602,168670.49
657,2159,201445.12
658,695,168670.49
659,1109,201445.12
660,640,168670.49
661,1652,168670.49
662,2090,168670.49
663,1188,168670.49
664,2345,201445.12
665,1059,266994.36
666,2751,201445.12
667,128,135895.87
668,1523,168670.49
669,2925,135895.87
670,2145,234219.74
671,1121,234219.74
672,566,201445.12
673,565,201445.12
674,1331,135895.87
675,2928,135895.87
676,156,135895.87
677,797,135895.87
678,327,103121.25
679,2859,168670.49
680,1453,135895.87
681,1762,234219.74
682,1868,201445.12
683,1760,168670.49
684,1113,234219.74
685,1812,168670.49
686,117,168670.49
687,1142,168670.49
688,2342,266994.36
689,927,135895.87
690,2478,168670.49
691,655,70346.62
692,2064,135895.87
693,369,201445.12
694,2239,168670.49
695,2732,201445.12
696,1653,168670.49
697,959,201445.12
698,2395,234219.74
699,1412,135895.87
700,271,234219.74
701,1484,168670.49
702,1497,103121.25
703,552,168670.49
704,2,135895.87
705,1855,201445.12
706,4,201445.12
707,2292,168670.49
708,134,135895.87
709,646,103121.25
710,42,266994.36
711,532,201445.12
712,713,103121.25
713,2561,135895.87
714,2360,135895.87
715,1333,135895.87
716,1407,168670.49
717,2892,201445.12
718,574,234219.74
719,1227,168670.49
720,2591,201445.12
721,1476,201445.12
722,1125,234219.74
723,1446,135895.87
724,408,135895.87
725,1101,234219.74
726,2251,135895.87
727,373,201445.12
728,2554,135895.87
729,2382,234219.74
730,1985,103121.25
731,519,234219.74
732,1093,168670.49
733,864,234219.74
734,2889,168670.49
735,2308,135895.87
736,986,135895.87
737,1302,135895.87
738,585,168670.49
739,2708,168670.49
740,147,135895.87
741,1441,201445.12
742,383,135895.87
743,285,135895.87
744,181,135895.87
745,358,168670.49
746,780,135895.87
747,258,201445.12
748,1865,168670.49
749,692,168670.49
750,2902,234219.74
751,508,234219.74
752,2638,135895.87
753,36,168670.49
754,611,168670.49
755,2281,103121.25
756,1678,168670.49
757,1696,266994.36
758,1557,103121.25
759,2180,135895.87
760,1726,234219.74
761,951,168670.49
762,267,201445.12
763,2706,103121.25
764,2221,168670.49
765,1357,168670.49
766,2901,234219.74
767,347,201445.12
768,2164,201445.12
769,1586,234219.74
770,360,168670.49
771,1769,201445.12
772,2617,201445.12
773,1879,135895.87
774,991,168670.49
775,1535,135895.87
776,1191,135895.87
777,1579,201445.12
778,1882,168670.49
779,1510,103121.25
780,2196,135895.87
781,1845,168670.49
782,2336,266994.36
783,942,135895.87
784,861,135895.87
785,2555,103121.25
786,1392,135895.87
787,2099,234219.74
788,1543,168670.49
789,948,201445.12
790,1239,135895.87
791,22,201445.12
792,2796,201445.12
793,2747,168670.49
794,92,234219.74
795,210,135895.87
796,1858,234219.74
797,2228,234219.74
798,447,201445.12
799,827,201445.12
800,1649,201445.12
801,682,135895.87
802,2698,168670.49
803,494,201445.12
804,214,103121.25
805,2441,201445.12
806,2679,135895.87
807,1336,135895.87
808,465,201445.12
809,1524,168670.49
810,2543,135895.87
811,631,135895.87
812,2452,234219.74
813,228,168670.49
814,126,135895.87
815,1092,201445.12
816,1122,201445.12
817,932,168670.49
818,1980,103121.25
819,2171,103121.25
820,551,168670.49
821,2768,168670.49
822,2056,135895.87
823,1159,266994.36
824,2645,103121.25
825,1174,201445.12
826,2266,201445.12
827,2462,266994.36
828,1219,135895.87
829,2922,168670.49
830,118,135895.87
831,474,201445.12
832,2576,168670.49
833,872,234219.74
834,1077,234219.74
835,1536,168670.49
836,1150,135895.87
837,2341,234219.74
838,1931,135895.87
839,2785,135895.87
840,2538,135895.87
841,597,201445.12
842,464,201445.12
843,233,201445.12
844,2169,135895.87
845,2123,168670.49
846,1867,168670.49
847,137,201445.12
848,515,201445.12
849,933,168670.49
850,2784,168670.49
851,972,168670.49
852,599,168670.49
853,2614,168670.49
854,2582,135895.87
855,1409,168670.49
856,175,70346.62
857,352,234219.74
858,976,103121.25
859,2134,201445.12
860,984,135895.87
861,2396,266994.36
862,1673,201445.12
863,404,135895.87
864,607,135895.87
865,814,135895.87
866,868,201445.12
867,2271,168670.49
868,1633,201445.12
869,337,135895.87
870,2765,135895.87
871,1746,201445.12
872,368,234219.74
873,2806,201445.12
874,1662,168670.49
875,1234,168670.49
876,1373,135895.87
877,1672,103121.25
878,1939,135895.87
